A^B*2*sqrt(ln(M/D))*sin(M*S/C)
20 10000000
A 7 9 0.006 0.021 0.017 0.026 0.089 0.020 0.073 0.086 0.104 0.024 0.063 0.064 0.007 0.105 0.002 0.045 0.087 0.009 0.057 0.095
B 2 4 0.033 0.055 0.045 0.068 0.028 0.045 0.024 0.069 0.065 0.047 0.051 0.074 0.068 0.074 0.064 0.042 0.016 0.044 0.040 0.048
M -19 -15 0.069 0.028 0.006 0.007 0.083 0.047 0.041 0.054 0.020 0.094 0.108 0.019 0.102 0.101 0.103 0.046 0.015 0.020 0.001 0.036
D -7 -4 0.039 0.098 0.052 0.004 0.047 0.095 0.051 0.049 0.018 0.077 0.065 0.060 0.024 0.055 0.027 0.020 0.041 0.044 0.080 0.054
S 4 11 0.022 0.060 0.023 0.062 0.053 0.081 0.023 0.089 0.003 0.040 0.009 0.068 0.063 0.062 0.081 0.047 0.019 0.045 0.056 0.094
C 2 5 0.086 0.080 0.022 0.041 0.005 0.058 0.032 0.017 0.083 0.076 0.023 0.065 0.032 0.070 0.053 0.035 0.039 0.036 0.072 0.075
P 3.7 22 0.091 0.035 0.063 0.005 0.035 0.021 0.079 0.087 0.029 0.063 0.071 0.038 0.068 0.053 0.085 0.056 0.048 0.010 0.032 0.031
H 4.3 5.9 0.084 0.087 0.044 0.007 0.004 0.068 0.011 0.035 0.069 0.099 0.062 0.014 0.022 0.024 0.109 0.035 0.084 0.025 0.100 0.017
