10 6 8
0 1 100.000 100.000 100.000 100.000 100.000 100.000 100.000 100.000
1 0 1 100.000 100.000 100.000 1 100.000 100.000 100.000
100.000 1 0 1 1 100.000 100.000 100.000 100.000 1
100.000 100.000 1 0 100.000 100.000 100.000 100.000 100.000 100.000
100.000 100.000 1 100.000 0 1 100.000 100.000 100.000 100.000
100.000 100.000 100.000 100.000 1 0 100.000 100.000 100.000 100.000
100.000 1 100.000 100.000 100.000 100.000 0 1 1 100.000
100.000 100.000 100.000 100.000 100.000 100.000 1 0 100.000 100.000
100.000 100.000 100.000 100.000 100.000 100.000 1 100.000 0 100.000
100.000 100.000 1 100.000 100.000 100.000 100.000 100.000 100.000 0
